Los puntos dibujados son:
(320, 439) (321, 439) (322, 438) (323, 438) (324, 437) 
(325, 437) (326, 436) (327, 435) (328, 434) (329, 433) 
(329, 432) (330, 431) (331, 430) (331, 429) (332, 428) 
(333, 427) (333, 426) (334, 425) (334, 424) (335, 423) 
(335, 422) (336, 421) (336, 420) (336, 419) (337, 418) 
(337, 417) (338, 416) (338, 415) (338, 414) (339, 413) 
(339, 412) (339, 411) (340, 410) (340, 409) (340, 408) 
(341, 407) (341, 406) (341, 405) (342, 404) (342, 403) 
(342, 402) (342, 401) (343, 400) (343, 399) (343, 398) 
(344, 397) (344, 396) (344, 395) (344, 394) (345, 393) 
(345, 392) (345, 391) (345, 390) (345, 389) (346, 388) 
(346, 387) (346, 386) (346, 385) (347, 384) (347, 383) 
(347, 382) (347, 381) (347, 380) (348, 379) (348, 378) 
(348, 377) (348, 376) (348, 375) (349, 374) (349, 373) 
(349, 372) (349, 371) (349, 370) (349, 369) (350, 368) 
(350, 367) (350, 366) (350, 365) (350, 364) (350, 363) 
(351, 362) (351, 361) (351, 360) (351, 359) (351, 358) 
(351, 357) (351, 356) (352, 355) (352, 354) (352, 353) 
(352, 352) (352, 351) (352, 350) (352, 349) (353, 348) 
(353, 347) (353, 346) (353, 345) (353, 344) (353, 343) 
(353, 342) (353, 341) (354, 340) (354, 339) (354, 338) 
(354, 337) (354, 336) (354, 335) (354, 334) (354, 333) 
(354, 332) (355, 331) (355, 330) (355, 329) (355, 328) 
(355, 327) (355, 326) (355, 325) (355, 324) (355, 323) 
(355, 322) (355, 321) (356, 320) (356, 319) (356, 318) 
(356, 317) (356, 316) (356, 315) (356, 314) (356, 313) 
(356, 312) (356, 311) (356, 310) (356, 309) (357, 308) 
(357, 307) (357, 306) (357, 305) (357, 304) (357, 303) 
(357, 302) (357, 301) (357, 300) (357, 299) (357, 298) 
(357, 297) (357, 296) (357, 295) (357, 294) (358, 293) 
(358, 292) (358, 291) (358, 290) (358, 289) (358, 288) 
(358, 287) (358, 286) (358, 285) (358, 284) (358, 283) 
(358, 282) (358, 281) (358, 280) (358, 279) (358, 278) 
(358, 277) (358, 276) (358, 275) (358, 274) (358, 273) 
(358, 272) (358, 271) (359, 270) (359, 269) (359, 268) 
(359, 267) (359, 266) (359, 265) (359, 264) (359, 263) 
(359, 262) (359, 261) (359, 260) (359, 259) (359, 258) 
(359, 257) (359, 256) (359, 255) (359, 254) (359, 253) 
(359, 252) (359, 251) (359, 250) (359, 249) (359, 248) 
(359, 247) (359, 246) (359, 245) (359, 244) (359, 243) 
(359, 242) (359, 241) (359, 240) (359, 239) 