Los puntos dibujados son:
(319, 439) (320, 439) (321, 439) (322, 439) (323, 439) 
(324, 439) (325, 439) (326, 439) (327, 439) (328, 439) 
(329, 439) (330, 439) (331, 439) (332, 439) (333, 439) 
(334, 439) (335, 438) (336, 438) (337, 438) (338, 438) 
(339, 438) (340, 438) (341, 438) (342, 438) (343, 438) 
(344, 438) (345, 437) (346, 437) (347, 437) (348, 437) 
(349, 437) (350, 437) (351, 437) (352, 436) (353, 436) 
(354, 436) (355, 436) (356, 436) (357, 436) (358, 435) 
(359, 435) (360, 435) (361, 435) (362, 435) (363, 434) 
(364, 434) (365, 434) (366, 434) (367, 433) (368, 433) 
(369, 433) (370, 433) (371, 432) (372, 432) (373, 432) 
(374, 432) (375, 431) (376, 431) (377, 431) (378, 430) 
(379, 430) (380, 430) (381, 430) (382, 429) (383, 429) 
(384, 429) (385, 428) (386, 428) (387, 427) (388, 427) 
(389, 427) (390, 426) (391, 426) (392, 426) (393, 425) 
(394, 425) (395, 424) (396, 424) (397, 424) (398, 423) 
(399, 423) (400, 422) (401, 422) (402, 422) (403, 421) 
(404, 421) (405, 420) (406, 420) (407, 419) (408, 419) 
(409, 418) (410, 418) (411, 417) (412, 417) (413, 416) 
(414, 416) (415, 415) (416, 415) (417, 414) (418, 413) 
(419, 413) (420, 412) (421, 412) (422, 411) (423, 411) 
(424, 410) (425, 409) (426, 409) (427, 408) (428, 408) 
(429, 407) (430, 406) (431, 406) (432, 405) (433, 404) 
(434, 404) (435, 403) (436, 402) (437, 401) (438, 401) 
(439, 400) (440, 399) (441, 398) (442, 398) (443, 397) 
(444, 396) (445, 395) (446, 395) (447, 394) (448, 393) 
(449, 392) (450, 391) (451, 390) (452, 390) (453, 389) 
(454, 388) (455, 387) (456, 386) (457, 385) (458, 384) 
(459, 383) (460, 382) (461, 381) 